------------ run separator ------------ 

alpha =

   0.500000000000000


lambda =

     0


W1 =

  -0.174631930303051  -0.230331066278993
   0.939106662693414   0.511878531860625
   0.232138796450696  -0.019806025322840


W2 =

  -0.276847416651616   0.188384539901641  -0.582809141323093


jj =

     1


bb =

     1


a1 =

     1
     1


a2 =

   0.400120512814824
   0.810150010078177
   0.552884648983948


a3 =

   0.430360905506454


d2 =

   0.105503146630804


d1 =

  -0.007010689232457
   0.003056938429722
  -0.015200080235504


ii =

     1


dW1 =

  -0.007010689232457  -0.007010689232457
   0.003056938429722   0.003056938429722
  -0.015200080235504  -0.015200080235504


dW =

  1×1 cell array

    {3×2 double}


WW_current =

  -0.174631930303051  -0.230331066278993
   0.939106662693414   0.511878531860625
   0.232138796450696  -0.019806025322840


WW_new =

  -0.171126585686823  -0.226825721662765
   0.937578193478553   0.510350062645764
   0.239738836568448  -0.012205985205088


ii =

     2


dW2 =

   0.042213973133495   0.085473375306225   0.058331070191674


WW_current =

  -0.276847416651616   0.188384539901641  -0.582809141323093


WW_new =

  -0.297954403218363   0.145647852248528  -0.611974676418930


jj =

     2


bb =

     1


a1 =

     1
     1


a2 =

   0.401804419319237
   0.809679385800161
   0.556639067391531


a3 =

   0.415216810010103


d2 =

   0.100819545469612


d1 =

  -0.007220253610700
   0.002262808143130
  -0.015226822748870


ii =

     1


dW1 =

  -0.007220253610700  -0.007220253610700
   0.002262808143130   0.002262808143130
  -0.015226822748870  -0.015226822748870


dW =

  1×2 cell array

    {3×2 double}    {1×3 double}


WW_current =

  -0.171126585686823  -0.226825721662765
   0.937578193478553   0.510350062645764
   0.239738836568448  -0.012205985205088


WW_new =

  -0.167516458881473  -0.223215594857415
   0.936446789406988   0.509218658574199
   0.247352247942883  -0.004592573830653


ii =

     2


dW2 =

   0.040509738923447   0.081631507652487   0.056120097765043


WW_current =

  -0.297954403218363   0.145647852248528  -0.611974676418930


WW_new =

  -0.318209272680087   0.104832098422285  -0.640034725301451

  DONE - NOW DO FINAL FORWARD PROP  

a1 =

     1
     1


a2 =

   0.403541086097059
   0.809330445687551
   0.560393615087075


a3 =

   0.400774736069231

>> 