------------ run separator ------------ 

alpha =

   0.500000000000000


lambda =

     0


W1 =

  -0.174631930303051  -0.230331066278993
   0.939106662693414   0.511878531860625
   0.232138796450696  -0.019806025322840


W2 =

  -0.276847416651616   0.188384539901641  -0.582809141323093


jj =

     1


bb =

     1


a1 =

     1
     0


a2 =

   0.456452630724869
   0.718919172128934
   0.557775479393261


a3 =

   0.421648174297638


d2 =

  -0.141037449599045


d1 =

   0.009687417876202
  -0.005368970210190
   0.020275101589125


ii =

     1


dW1 =

   0.009687417876202                   0
  -0.005368970210190                   0
   0.020275101589125                   0


dW =

  1×1 cell array

    {3×2 double}


WW_current =

  -0.174631930303051  -0.230331066278993
   0.939106662693414   0.511878531860625
   0.232138796450696  -0.019806025322840


WW_new =

  -0.179475639241152  -0.230331066278993
   0.941791147798509   0.511878531860625
   0.222001245656133  -0.019806025322840


ii =

     2


dW2 =

  -0.064376914900210  -0.101394526504922  -0.078667231062510


WW_current =

  -0.276847416651616   0.188384539901641  -0.582809141323093


WW_new =

  -0.244658959201511   0.239081803154102  -0.543475525791838


jj =

     2


bb =

     1


a1 =

     1
     0


a2 =

   0.455251144750421
   0.719461318898074
   0.555273486905977


a3 =

   0.440003288145150


d2 =

  -0.137983410757037


d1 =

   0.008372118612000
  -0.006658456992172
   0.018518543499310


ii =

     1


dW1 =

   0.008372118612000                   0
  -0.006658456992172                   0
   0.018518543499310                   0


dW =

  1×2 cell array

    {3×2 double}    {1×3 double}


WW_current =

  -0.179475639241152  -0.230331066278993
   0.941791147798509   0.511878531860625
   0.222001245656133  -0.019806025322840


WW_new =

  -0.183661698547152  -0.230331066278993
   0.945120376294595   0.511878531860625
   0.212741973906478  -0.019806025322840


ii =

     2


dW2 =

  -0.062817105703709  -0.099273726689313  -0.076618529626240


WW_current =

  -0.244658959201511   0.239081803154102  -0.543475525791838


WW_new =

  -0.213250406349657   0.288718666498758  -0.505166260978718

  DONE - NOW DO FINAL FORWARD PROP  

a1 =

     1
     0


a2 =

   0.454213208283759
   0.720132788269023
   0.552985803035521


a3 =

   0.458025239236667

>> 